Temperature Heat Capacity Error
1.000000 53.655744 2.759231
1.100000 104.977507 5.235624
1.200000 169.161378 8.603631
1.300000 240.067778 11.877962
1.400000 367.228702 16.920697
1.500000 469.915762 20.565593
1.600000 686.471875 31.732888
1.700000 862.834801 37.271770
1.800000 1130.460795 48.882428
1.900000 1401.566099 61.485892
2.000000 1776.334716 81.983668
2.100000 2364.920613 110.731190
2.200000 3546.924876 154.334272
2.300000 4970.230212 210.314414
2.400000 2871.845989 125.122090
2.500000 2085.823424 94.623822
2.600000 1688.604002 75.938315
2.700000 1404.756842 59.523899
2.800000 1281.054039 55.000401
2.900000 1023.653668 46.343296
