Temperature Heat Capacity Error
1.000000 167.744624 8.649424
1.100000 222.770565 10.168277
1.200000 273.943600 12.354379
1.300000 390.977808 17.745794
1.400000 437.469380 19.199086
1.500000 679.327602 30.349594
1.600000 781.921744 33.773622
1.700000 939.454666 40.005834
1.800000 1211.946647 53.288952
1.900000 1559.366555 71.956845
2.000000 1736.643004 76.773910
2.100000 2360.167256 97.674682
2.200000 2840.788202 132.290353
2.300000 2842.852222 127.810499
2.400000 2506.256667 109.950599
2.500000 2059.156234 99.013593
2.600000 1746.818944 76.034589
2.700000 1400.750562 60.871415
2.800000 1246.427682 57.037813
2.900000 1161.454221 48.284635
