21.213203 0.000000
20.518285 0.000040
19.849433 0.000080
19.209373 0.000121
18.601075 0.000162
18.027756 0.000205
17.492856 0.000248
17.000000 0.000292
16.552945 0.000335
16.155494 0.000378
15.811388 0.000417
15.524175 0.000453
15.297059 0.000483
15.132746 0.000506
15.033296 0.000520
15.000000 0.000524
15.033296 0.000519
15.132746 0.000503
15.297059 0.000479
15.524175 0.000447
15.811388 0.000409
16.155494 0.000368
16.552945 0.000323
17.000000 0.000277
17.492856 0.000230
18.027756 0.000183
18.601075 0.000137
19.209373 0.000091
19.849433 0.000045
20.518285 0.000000
20.518285 0.000040
19.798990 0.000056
19.104973 0.000090
18.439089 0.000128
17.804494 0.000169
17.204651 0.000211
16.643317 0.000254
16.124515 0.000298
15.652476 0.000342
15.231546 0.000385
14.866069 0.000425
14.560220 0.000462
14.317821 0.000492
14.142136 0.000516
14.035669 0.000530
14.000000 0.000535
14.035669 0.000529
14.142136 0.000513
14.317821 0.000488
14.560220 0.000456
14.866069 0.000417
15.231546 0.000375
15.652476 0.000330
16.124515 0.000283
16.643317 0.000237
17.204651 0.000190
17.804494 0.000145
18.439089 0.000102
19.104973 0.000064
19.798990 0.000045
19.849433 0.000080
19.104973 0.000090
18.384776 0.000115
17.691806 0.000149
17.029386 0.000187
16.401219 0.000228
15.811388 0.000271
15.264338 0.000316
14.764823 0.000361
14.317821 0.000406
13.928388 0.000449
13.601471 0.000488
13.341664 0.000521
13.152946 0.000546
13.038405 0.000562
13.000000 0.000567
13.038405 0.000560
13.152946 0.000543
13.341664 0.000517
13.601471 0.000482
13.928388 0.000442
14.317821 0.000397
14.764823 0.000351
15.264338 0.000303
15.811388 0.000256
16.401219 0.000211
17.029386 0.000169
17.691806 0.000131
18.384776 0.000103
19.104973 0.000091
19.209373 0.000121
18.439089 0.000128
17.691806 0.000149
16.970563 0.000178
16.278821 0.000214
15.620499 0.000255
15.000000 0.000299
14.422205 0.000346
13.892444 0.000394
13.416408 0.000442
13.000000 0.000489
12.649111 0.000533
12.369317 0.000570
12.165525 0.000599
12.041595 0.000617
12.000000 0.000623
12.041595 0.000616
12.165525 0.000597
12.369317 0.000566
12.649111 0.000528
13.000000 0.000483
13.416408 0.000435
13.892444 0.000385
14.422205 0.000336
15.000000 0.000288
15.620499 0.000243
16.278821 0.000203
16.970563 0.000170
17.691806 0.000147
18.439089 0.000138
18.601075 0.000162
17.804494 0.000169
17.029386 0.000187
16.278821 0.000214
15.556349 0.000249
14.866069 0.000290
14.212670 0.000336
13.601471 0.000387
13.038405 0.000439
12.529964 0.000494
12.083046 0.000548
11.704700 0.000599
11.401754 0.000644
11.180340 0.000679
11.045361 0.000702
11.000000 0.000710
11.045361 0.000701
11.180340 0.000677
11.401754 0.000641
11.704700 0.000595
12.083046 0.000543
12.529964 0.000488
13.038405 0.000433
13.601471 0.000380
14.212670 0.000330
14.866069 0.000284
15.556349 0.000245
16.278821 0.000214
17.029386 0.000194
17.804494 0.000186
18.027756 0.000205
17.204651 0.000211
16.401219 0.000228
15.620499 0.000255
14.866069 0.000290
14.142136 0.000334
13.453624 0.000383
12.806248 0.000439
12.206556 0.000499
11.661904 0.000563
11.180340 0.000628
10.770330 0.000691
10.440307 0.000749
10.198039 0.000795
10.049876 0.000825
10.000000 0.000836
10.049876 0.000825
10.198039 0.000794
10.440307 0.000747
10.770330 0.000689
11.180340 0.000625
11.661904 0.000560
12.206556 0.000496
12.806248 0.000436
13.453624 0.000381
14.142136 0.000333
14.866069 0.000293
15.620499 0.000262
16.401219 0.000243
17.204651 0.000236
17.492856 0.000248
16.643317 0.000254
15.811388 0.000271
15.000000 0.000299
14.212670 0.000336
13.453624 0.000383
12.727922 0.000439
12.041595 0.000503
11.401754 0.000574
10.816654 0.000652
10.295630 0.000734
9.848858 0.000817
9.486833 0.000894
9.219544 0.000958
9.055385 0.001002
9.000000 0.001017
9.055385 0.001002
9.219544 0.000958
9.486833 0.000893
9.848858 0.000815
10.295630 0.000733
10.816654 0.000651
11.401754 0.000574
12.041595 0.000504
12.727922 0.000442
13.453624 0.000389
14.212670 0.000346
15.000000 0.000314
15.811388 0.000295
16.643317 0.000288
17.000000 0.000292
16.124515 0.000298
15.264338 0.000316
14.422205 0.000346
13.601471 0.000387
12.806248 0.000439
12.041595 0.000503
11.313708 0.000578
10.630146 0.000666
10.000000 0.000764
9.433981 0.000872
8.944272 0.000984
8.544004 0.001094
8.246211 0.001190
8.062258 0.001258
8.000000 0.001283
8.062258 0.001258
8.246211 0.001190
8.544004 0.001094
8.944272 0.000985
9.433981 0.000873
10.000000 0.000766
10.630146 0.000669
11.313708 0.000584
12.041595 0.000511
12.806248 0.000450
13.601471 0.000403
14.422205 0.000369
15.264338 0.000348
16.124515 0.000341
16.552945 0.000335
15.652476 0.000342
14.764823 0.000361
13.892444 0.000394
13.038405 0.000439
12.206556 0.000499
11.401754 0.000574
10.630146 0.000666
9.899495 0.000775
9.219544 0.000903
8.602325 0.001048
8.062258 0.001208
7.615773 0.001372
7.280110 0.001526
7.071068 0.001640
7.000000 0.001685
7.071068 0.001641
7.280110 0.001526
7.615773 0.001374
8.062258 0.001210
8.602325 0.001052
9.219544 0.000908
9.899495 0.000782
10.630146 0.000675
11.401754 0.000587
12.206556 0.000517
13.038405 0.000463
13.892444 0.000425
14.764823 0.000402
15.652476 0.000394
16.155494 0.000378
15.231546 0.000385
14.317821 0.000406
13.416408 0.000442
12.529964 0.000494
11.661904 0.000563
10.816654 0.000652
10.000000 0.000764
9.219544 0.000903
8.485281 0.001071
7.810250 0.001273
7.211103 0.001507
6.708204 0.001765
6.324555 0.002024
6.082763 0.002236
6.000000 0.002327
6.082763 0.002237
6.324555 0.002026
6.708204 0.001768
7.211103 0.001512
7.810250 0.001279
8.485281 0.001080
9.219544 0.000914
10.000000 0.000779
10.816654 0.000671
11.661904 0.000587
12.529964 0.000524
13.416408 0.000481
14.317821 0.000455
15.231546 0.000447
15.811388 0.000417
14.866069 0.000425
13.928388 0.000449
13.000000 0.000489
12.083046 0.000548
11.180340 0.000628
10.295630 0.000734
9.433981 0.000872
8.602325 0.001048
7.810250 0.001273
7.071068 0.001557
6.403124 0.001908
5.830952 0.002328
5.385165 0.002794
5.099020 0.003230
5.000000 0.003451
5.099020 0.003231
5.385165 0.002798
5.830952 0.002333
6.403124 0.001915
7.071068 0.001566
7.810250 0.001285
8.602325 0.001063
9.433981 0.000891
10.295630 0.000758
11.180340 0.000658
12.083046 0.000585
13.000000 0.000535
13.928388 0.000507
14.866069 0.000497
15.524175 0.000453
14.560220 0.000462
13.601471 0.000488
12.649111 0.000533
11.704700 0.000599
10.770330 0.000691
9.848858 0.000817
8.944272 0.000984
8.062258 0.001208
7.211103 0.001507
6.403124 0.001908
5.656854 0.002443
5.000000 0.003146
4.472136 0.004035
4.123106 0.005030
4.000000 0.005710
4.123106 0.005032
4.472136 0.004040
5.000000 0.003154
5.656854 0.002453
6.403124 0.001920
7.211103 0.001523
8.062258 0.001227
8.944272 0.001008
9.848858 0.000846
10.770330 0.000727
11.704700 0.000643
12.649111 0.000586
13.601471 0.000554
14.560220 0.000543
15.297059 0.000483
14.317821 0.000492
13.341664 0.000521
12.369317 0.000570
11.401754 0.000644
10.440307 0.000749
9.486833 0.000894
8.544004 0.001094
7.615773 0.001372
6.708204 0.001765
5.830952 0.002328
5.000000 0.003146
4.242641 0.004350
3.605551 0.006121
3.162278 0.008635
3.000000 0.011289
3.162278 0.008639
3.605551 0.006129
4.242641 0.004360
5.000000 0.003159
5.830952 0.002344
6.708204 0.001784
7.615773 0.001396
8.544004 0.001122
9.486833 0.000927
10.440307 0.000789
11.401754 0.000693
12.369317 0.000630
13.341664 0.000594
14.317821 0.000582
15.132746 0.000506
14.142136 0.000516
13.152946 0.000546
12.165525 0.000599
11.180340 0.000679
10.198039 0.000795
9.219544 0.000958
8.246211 0.001190
7.280110 0.001526
6.324555 0.002024
5.385165 0.002794
4.472136 0.004035
3.605551 0.006121
2.828427 0.009783
2.236068 0.016572
2.000000 0.029249
2.236068 0.016578
2.828427 0.009794
3.605551 0.006135
4.472136 0.004051
5.385165 0.002813
6.324555 0.002046
7.280110 0.001552
8.246211 0.001221
9.219544 0.000995
10.198039 0.000839
11.180340 0.000733
12.165525 0.000664
13.152946 0.000625
14.142136 0.000612
15.033296 0.000520
14.035669 0.000530
13.038405 0.000562
12.041595 0.000617
11.045361 0.000702
10.049876 0.000825
9.055385 0.001002
8.062258 0.001258
7.071068 0.001640
6.082763 0.002236
5.099020 0.003230
4.123106 0.005030
3.162278 0.008635
2.236068 0.016572
1.414214 0.035437
1.000000 0.104912
1.414214 0.035447
2.236068 0.016586
3.162278 0.008651
4.123106 0.005048
5.099020 0.003250
6.082763 0.002260
7.071068 0.001668
8.062258 0.001291
9.055385 0.001041
10.049876 0.000872
11.045361 0.000758
12.041595 0.000685
13.038405 0.000644
14.035669 0.000631
15.000000 0.000524
14.000000 0.000535
13.000000 0.000567
12.000000 0.000623
11.000000 0.000710
10.000000 0.000836
9.000000 0.001017
8.000000 0.001283
7.000000 0.001685
6.000000 0.002327
5.000000 0.003451
4.000000 0.005710
3.000000 0.011289
2.000000 0.029249
1.000000 0.104912
0.000000 0.000010
1.000000 0.104927
2.000000 0.029265
3.000000 0.011306
4.000000 0.005729
5.000000 0.003473
6.000000 0.002352
7.000000 0.001713
8.000000 0.001317
9.000000 0.001057
10.000000 0.000883
11.000000 0.000767
12.000000 0.000692
13.000000 0.000650
14.000000 0.000637
15.033296 0.000519
14.035669 0.000529
13.038405 0.000560
12.041595 0.000616
11.045361 0.000701
10.049876 0.000825
9.055385 0.001002
8.062258 0.001258
7.071068 0.001641
6.082763 0.002237
5.099020 0.003231
4.123106 0.005032
3.162278 0.008639
2.236068 0.016578
1.414214 0.035447
1.000000 0.104927
1.414214 0.035457
2.236068 0.016592
3.162278 0.008655
4.123106 0.005050
5.099020 0.003252
6.082763 0.002261
7.071068 0.001668
8.062258 0.001291
9.055385 0.001041
10.049876 0.000871
11.045361 0.000757
12.041595 0.000684
13.038405 0.000642
14.035669 0.000629
15.132746 0.000503
14.142136 0.000513
13.152946 0.000543
12.165525 0.000597
11.180340 0.000677
10.198039 0.000794
9.219544 0.000958
8.246211 0.001190
7.280110 0.001526
6.324555 0.002026
5.385165 0.002798
4.472136 0.004040
3.605551 0.006129
2.828427 0.009794
2.236068 0.016586
2.000000 0.029265
2.236068 0.016592
2.828427 0.009804
3.605551 0.006142
4.472136 0.004055
5.385165 0.002816
6.324555 0.002048
7.280110 0.001552
8.246211 0.001221
9.219544 0.000994
10.198039 0.000837
11.180340 0.000730
12.165525 0.000661
13.152946 0.000622
14.142136 0.000609
15.297059 0.000479
14.317821 0.000488
13.341664 0.000517
12.369317 0.000566
11.401754 0.000641
10.440307 0.000747
9.486833 0.000893
8.544004 0.001094
7.615773 0.001374
6.708204 0.001768
5.830952 0.002333
5.000000 0.003154
4.242641 0.004360
3.605551 0.006135
3.162278 0.008651
3.000000 0.011306
3.162278 0.008655
3.605551 0.006142
4.242641 0.004370
5.000000 0.003166
5.830952 0.002348
6.708204 0.001787
7.615773 0.001397
8.544004 0.001121
9.486833 0.000925
10.440307 0.000786
11.401754 0.000689
12.369317 0.000625
13.341664 0.000589
14.317821 0.000577
15.524175 0.000447
14.560220 0.000456
13.601471 0.000482
12.649111 0.000528
11.704700 0.000595
10.770330 0.000689
9.848858 0.000815
8.944272 0.000985
8.062258 0.001210
7.211103 0.001512
6.403124 0.001915
5.656854 0.002453
5.000000 0.003159
4.472136 0.004051
4.123106 0.005048
4.000000 0.005729
4.123106 0.005050
4.472136 0.004055
5.000000 0.003166
5.656854 0.002462
6.403124 0.001927
7.211103 0.001527
8.062258 0.001229
8.944272 0.001007
9.848858 0.000843
10.770330 0.000723
11.704700 0.000638
12.649111 0.000580
13.601471 0.000547
14.560220 0.000536
15.811388 0.000409
14.866069 0.000417
13.928388 0.000442
13.000000 0.000483
12.083046 0.000543
11.180340 0.000625
10.295630 0.000733
9.433981 0.000873
8.602325 0.001052
7.810250 0.001279
7.071068 0.001566
6.403124 0.001920
5.830952 0.002344
5.385165 0.002813
5.099020 0.003250
5.000000 0.003473
5.099020 0.003252
5.385165 0.002816
5.830952 0.002348
6.403124 0.001927
7.071068 0.001575
7.810250 0.001291
8.602325 0.001066
9.433981 0.000891
10.295630 0.000756
11.180340 0.000653
12.083046 0.000579
13.000000 0.000528
13.928388 0.000498
14.866069 0.000488
16.155494 0.000368
15.231546 0.000375
14.317821 0.000397
13.416408 0.000435
12.529964 0.000488
11.661904 0.000560
10.816654 0.000651
10.000000 0.000766
9.219544 0.000908
8.485281 0.001080
7.810250 0.001285
7.211103 0.001523
6.708204 0.001784
6.324555 0.002046
6.082763 0.002260
6.000000 0.002352
6.082763 0.002261
6.324555 0.002048
6.708204 0.001787
7.211103 0.001527
7.810250 0.001291
8.485281 0.001087
9.219544 0.000918
10.000000 0.000779
10.816654 0.000668
11.661904 0.000582
12.529964 0.000517
13.416408 0.000471
14.317821 0.000445
15.231546 0.000436
16.552945 0.000323
15.652476 0.000330
14.764823 0.000351
13.892444 0.000385
13.038405 0.000433
12.206556 0.000496
11.401754 0.000574
10.630146 0.000669
9.899495 0.000782
9.219544 0.000914
8.602325 0.001063
8.062258 0.001227
7.615773 0.001396
7.280110 0.001552
7.071068 0.001668
7.000000 0.001713
7.071068 0.001668
7.280110 0.001552
7.615773 0.001397
8.062258 0.001229
8.602325 0.001066
9.219544 0.000918
9.899495 0.000787
10.630146 0.000677
11.401754 0.000585
12.206556 0.000511
13.038405 0.000454
13.892444 0.000413
14.764823 0.000389
15.652476 0.000380
17.000000 0.000277
16.124515 0.000283
15.264338 0.000303
14.422205 0.000336
13.601471 0.000380
12.806248 0.000436
12.041595 0.000504
11.313708 0.000584
10.630146 0.000675
10.000000 0.000779
9.433981 0.000891
8.944272 0.001008
8.544004 0.001122
8.246211 0.001221
8.062258 0.001291
8.000000 0.001317
8.062258 0.001291
8.246211 0.001221
8.544004 0.001121
8.944272 0.001007
9.433981 0.000891
10.000000 0.000779
10.630146 0.000677
11.313708 0.000586
12.041595 0.000509
12.806248 0.000444
13.601471 0.000392
14.422205 0.000355
15.264338 0.000332
16.124515 0.000324
17.492856 0.000230
16.643317 0.000237
15.811388 0.000256
15.000000 0.000288
14.212670 0.000330
13.453624 0.000381
12.727922 0.000442
12.041595 0.000511
11.401754 0.000587
10.816654 0.000671
10.295630 0.000758
9.848858 0.000846
9.486833 0.000927
9.219544 0.000995
9.055385 0.001041
9.000000 0.001057
9.055385 0.001041
9.219544 0.000994
9.486833 0.000925
9.848858 0.000843
10.295630 0.000756
10.816654 0.000668
11.401754 0.000585
12.041595 0.000509
12.727922 0.000441
13.453624 0.000382
14.212670 0.000334
15.000000 0.000298
15.811388 0.000276
16.643317 0.000268
18.027756 0.000183
17.204651 0.000190
16.401219 0.000211
15.620499 0.000243
14.866069 0.000284
14.142136 0.000333
13.453624 0.000389
12.806248 0.000450
12.206556 0.000517
11.661904 0.000587
11.180340 0.000658
10.770330 0.000727
10.440307 0.000789
10.198039 0.000839
10.049876 0.000872
10.000000 0.000883
10.049876 0.000871
10.198039 0.000837
10.440307 0.000786
10.770330 0.000723
11.180340 0.000653
11.661904 0.000582
12.206556 0.000511
12.806248 0.000444
13.453624 0.000382
14.142136 0.000327
14.866069 0.000281
15.620499 0.000244
16.401219 0.000221
17.204651 0.000212
18.601075 0.000137
17.804494 0.000145
17.029386 0.000169
16.278821 0.000203
15.556349 0.000245
14.866069 0.000293
14.212670 0.000346
13.601471 0.000403
13.038405 0.000463
12.529964 0.000524
12.083046 0.000585
11.704700 0.000643
11.401754 0.000693
11.180340 0.000733
11.045361 0.000758
11.000000 0.000767
11.045361 0.000757
11.180340 0.000730
11.401754 0.000689
11.704700 0.000638
12.083046 0.000579
12.529964 0.000517
13.038405 0.000454
13.601471 0.000392
14.212670 0.000334
14.866069 0.000281
15.556349 0.000233
16.278821 0.000194
17.029386 0.000168
17.804494 0.000158
19.209373 0.000091
18.439089 0.000102
17.691806 0.000131
16.970563 0.000170
16.278821 0.000214
15.620499 0.000262
15.000000 0.000314
14.422205 0.000369
13.892444 0.000425
13.416408 0.000481
13.000000 0.000535
12.649111 0.000586
12.369317 0.000630
12.165525 0.000664
12.041595 0.000685
12.000000 0.000692
12.041595 0.000684
12.165525 0.000661
12.369317 0.000625
12.649111 0.000580
13.000000 0.000528
13.416408 0.000471
13.892444 0.000413
14.422205 0.000355
15.000000 0.000298
15.620499 0.000244
16.278821 0.000194
16.970563 0.000151
17.691806 0.000118
18.439089 0.000105
19.849433 0.000045
19.104973 0.000064
18.384776 0.000103
17.691806 0.000147
17.029386 0.000194
16.401219 0.000243
15.811388 0.000295
15.264338 0.000348
14.764823 0.000402
14.317821 0.000455
13.928388 0.000507
13.601471 0.000554
13.341664 0.000594
13.152946 0.000625
13.038405 0.000644
13.000000 0.000650
13.038405 0.000642
13.152946 0.000622
13.341664 0.000589
13.601471 0.000547
13.928388 0.000498
14.317821 0.000445
14.764823 0.000389
15.264338 0.000332
15.811388 0.000276
16.401219 0.000221
17.029386 0.000168
17.691806 0.000118
18.384776 0.000074
19.104973 0.000052
20.518285 0.000000
19.798990 0.000045
19.104973 0.000091
18.439089 0.000138
17.804494 0.000186
17.204651 0.000236
16.643317 0.000288
16.124515 0.000341
15.652476 0.000394
15.231546 0.000447
14.866069 0.000497
14.560220 0.000543
14.317821 0.000582
14.142136 0.000612
14.035669 0.000631
14.000000 0.000637
14.035669 0.000629
14.142136 0.000609
14.317821 0.000577
14.560220 0.000536
14.866069 0.000488
15.231546 0.000436
15.652476 0.000380
16.124515 0.000324
16.643317 0.000268
17.204651 0.000212
17.804494 0.000158
18.439089 0.000105
19.104973 0.000052
19.798990 0.000000
