21.213203 0.000000
20.518285 0.000000
19.849433 0.000000
19.209373 0.000000
18.601075 0.000000
18.027756 0.000000
17.492856 0.000000
17.000000 0.000000
16.552945 0.000000
16.155494 0.000000
15.811388 0.000000
15.524175 0.000000
15.297059 0.000000
15.132746 0.000000
15.033296 0.000000
15.000000 0.000000
15.033296 0.000000
15.132746 0.000000
15.297059 0.000000
15.524175 0.000000
15.811388 0.000000
16.155494 0.000000
16.552945 0.000000
17.000000 0.000000
17.492856 0.000000
18.027756 0.000000
18.601075 0.000000
19.209373 0.000000
19.849433 0.000000
20.518285 0.000000
20.518285 0.000000
19.798990 0.000040
19.104973 0.000080
18.439089 0.000121
17.804494 0.000162
17.204651 0.000205
16.643317 0.000248
16.124515 0.000292
15.652476 0.000335
15.231546 0.000378
14.866069 0.000417
14.560220 0.000453
14.317821 0.000483
14.142136 0.000506
14.035669 0.000520
14.000000 0.000524
14.035669 0.000519
14.142136 0.000503
14.317821 0.000479
14.560220 0.000447
14.866069 0.000409
15.231546 0.000368
15.652476 0.000323
16.124515 0.000277
16.643317 0.000230
17.204651 0.000183
17.804494 0.000137
18.439089 0.000091
19.104973 0.000045
19.798990 0.000000
19.849433 0.000000
19.104973 0.000080
18.384776 0.000161
17.691806 0.000243
17.029386 0.000327
16.401219 0.000413
15.811388 0.000500
15.264338 0.000590
14.764823 0.000678
14.317821 0.000765
13.928388 0.000847
13.601471 0.000921
13.341664 0.000984
13.152946 0.001031
13.038405 0.001060
13.000000 0.001069
13.038405 0.001057
13.152946 0.001025
13.341664 0.000975
13.601471 0.000909
13.928388 0.000831
14.317821 0.000745
14.764823 0.000653
15.264338 0.000559
15.811388 0.000464
16.401219 0.000369
17.029386 0.000276
17.691806 0.000183
18.384776 0.000091
19.104973 0.000000
19.209373 0.000000
18.439089 0.000121
17.691806 0.000243
16.970563 0.000367
16.278821 0.000495
15.620499 0.000626
15.000000 0.000761
14.422205 0.000898
13.892444 0.001036
13.416408 0.001172
13.000000 0.001301
12.649111 0.001419
12.369317 0.001519
12.165525 0.001595
12.041595 0.001643
12.000000 0.001658
12.041595 0.001639
12.165525 0.001587
12.369317 0.001506
12.649111 0.001401
13.000000 0.001278
13.416408 0.001142
13.892444 0.000999
14.422205 0.000853
15.000000 0.000706
15.620499 0.000561
16.278821 0.000418
16.970563 0.000277
17.691806 0.000138
18.439089 0.000000
18.601075 0.000000
17.804494 0.000162
17.029386 0.000327
16.278821 0.000495
15.556349 0.000668
14.866069 0.000847
14.212670 0.001033
13.601471 0.001223
13.038405 0.001417
12.529964 0.001609
12.083046 0.001794
11.704700 0.001964
11.401754 0.002110
11.180340 0.002223
11.045361 0.002293
11.000000 0.002316
11.045361 0.002288
11.180340 0.002211
11.401754 0.002092
11.704700 0.001939
12.083046 0.001762
12.529964 0.001569
13.038405 0.001367
13.601471 0.001163
14.212670 0.000960
14.866069 0.000761
15.556349 0.000566
16.278821 0.000375
17.029386 0.000186
17.804494 0.000000
18.027756 0.000000
17.204651 0.000205
16.401219 0.000413
15.620499 0.000626
14.866069 0.000847
14.142136 0.001078
13.453624 0.001319
12.806248 0.001569
12.206556 0.001826
11.661904 0.002085
11.180340 0.002338
10.770330 0.002574
10.440307 0.002780
10.198039 0.002942
10.049876 0.003044
10.000000 0.003077
10.049876 0.003037
10.198039 0.002928
10.440307 0.002759
10.770330 0.002544
11.180340 0.002299
11.661904 0.002036
12.206556 0.001765
12.806248 0.001494
13.453624 0.001229
14.142136 0.000970
14.866069 0.000719
15.620499 0.000475
16.401219 0.000236
17.204651 0.000000
17.492856 0.000000
16.643317 0.000248
15.811388 0.000500
15.000000 0.000761
14.212670 0.001033
13.453624 0.001319
12.727922 0.001621
12.041595 0.001939
11.401754 0.002272
10.816654 0.002612
10.295630 0.002951
9.848858 0.003274
9.486833 0.003561
9.219544 0.003790
9.055385 0.003938
9.000000 0.003987
9.055385 0.003930
9.219544 0.003774
9.486833 0.003536
9.848858 0.003238
10.295630 0.002904
10.816654 0.002553
11.401754 0.002199
12.041595 0.001850
12.727922 0.001514
13.453624 0.001190
14.212670 0.000880
15.000000 0.000580
15.811388 0.000288
16.643317 0.000000
17.000000 0.000000
16.124515 0.000292
15.264338 0.000590
14.422205 0.000898
13.601471 0.001223
12.806248 0.001569
12.041595 0.001939
11.313708 0.002336
10.630146 0.002757
10.000000 0.003199
9.433981 0.003649
8.944272 0.004089
8.544004 0.004492
8.246211 0.004821
8.062258 0.005038
8.000000 0.005112
8.062258 0.005029
8.246211 0.004802
8.544004 0.004462
8.944272 0.004048
9.433981 0.003595
10.000000 0.003131
10.630146 0.002673
11.313708 0.002233
12.041595 0.001815
12.806248 0.001420
13.601471 0.001046
14.422205 0.000687
15.264338 0.000341
16.124515 0.000000
16.552945 0.000000
15.652476 0.000335
14.764823 0.000678
13.892444 0.001036
13.038405 0.001417
12.206556 0.001826
11.401754 0.002272
10.630146 0.002757
9.899495 0.003285
9.219544 0.003853
8.602325 0.004449
8.062258 0.005052
7.615773 0.005623
7.280110 0.006107
7.071068 0.006437
7.000000 0.006553
7.071068 0.006427
7.280110 0.006086
7.615773 0.005590
8.062258 0.005007
8.602325 0.004390
9.219544 0.003777
9.899495 0.003191
10.630146 0.002642
11.401754 0.002132
12.206556 0.001658
13.038405 0.001215
13.892444 0.000797
14.764823 0.000394
15.652476 0.000000
16.155494 0.000000
15.231546 0.000378
14.317821 0.000765
13.416408 0.001172
12.529964 0.001609
11.661904 0.002085
10.816654 0.002612
10.000000 0.003199
9.219544 0.003853
8.485281 0.004578
7.810250 0.005368
7.211103 0.006200
6.708204 0.007026
6.324555 0.007761
6.082763 0.008288
6.000000 0.008481
6.082763 0.008276
6.324555 0.007738
6.708204 0.006990
7.211103 0.006150
7.810250 0.005302
8.485281 0.004495
9.219544 0.003749
10.000000 0.003071
10.816654 0.002457
11.661904 0.001899
12.529964 0.001385
13.416408 0.000905
14.317821 0.000447
15.231546 0.000000
15.811388 0.000000
14.866069 0.000417
13.928388 0.000847
13.000000 0.001301
12.083046 0.001794
11.180340 0.002338
10.295630 0.002951
9.433981 0.003649
8.602325 0.004449
7.810250 0.005368
7.071068 0.006412
6.403124 0.007569
5.830952 0.008790
5.385165 0.009954
5.099020 0.010852
5.000000 0.011207
5.099020 0.010840
5.385165 0.009929
5.830952 0.008751
6.403124 0.007515
7.071068 0.006341
7.810250 0.005278
8.602325 0.004337
9.433981 0.003511
10.295630 0.002783
11.180340 0.002135
12.083046 0.001549
13.000000 0.001009
13.928388 0.000497
14.866069 0.000000
15.524175 0.000000
14.560220 0.000453
13.601471 0.000921
12.649111 0.001419
11.704700 0.001964
10.770330 0.002574
9.848858 0.003274
8.944272 0.004089
8.062258 0.005052
7.211103 0.006200
6.403124 0.007569
5.656854 0.009184
5.000000 0.011024
4.472136 0.012955
4.123106 0.014624
4.000000 0.015384
4.123106 0.014611
4.472136 0.012929
5.000000 0.010983
5.656854 0.009127
6.403124 0.007494
7.211103 0.006104
8.062258 0.004933
8.944272 0.003942
9.848858 0.003095
10.770330 0.002357
11.704700 0.001702
12.649111 0.001104
13.601471 0.000543
14.560220 0.000000
15.297059 0.000000
14.317821 0.000483
13.341664 0.000984
12.369317 0.001519
11.401754 0.002110
10.440307 0.002780
9.486833 0.003561
8.544004 0.004492
7.615773 0.005623
6.708204 0.007026
5.830952 0.008790
5.000000 0.011024
4.242641 0.013827
3.605551 0.017176
3.162278 0.020614
3.000000 0.022628
3.162278 0.020600
3.605551 0.017148
4.242641 0.013784
5.000000 0.010964
5.830952 0.008711
6.708204 0.006925
7.615773 0.005498
8.544004 0.004337
9.486833 0.003373
10.440307 0.002552
11.401754 0.001833
12.369317 0.001186
13.341664 0.000582
14.317821 0.000000
15.132746 0.000000
14.142136 0.000506
13.152946 0.001031
12.165525 0.001595
11.180340 0.002223
10.198039 0.002942
9.219544 0.003790
8.246211 0.004821
7.280110 0.006107
6.324555 0.007761
5.385165 0.009954
4.472136 0.012955
3.605551 0.017176
2.828427 0.023145
2.236068 0.031012
2.000000 0.037961
2.236068 0.030997
2.828427 0.023116
3.605551 0.017131
4.472136 0.012893
5.385165 0.009873
6.324555 0.007657
7.280110 0.005978
8.246211 0.004661
9.219544 0.003595
10.198039 0.002704
11.180340 0.001935
12.165525 0.001248
13.152946 0.000612
14.142136 0.000000
15.033296 0.000000
14.035669 0.000520
13.038405 0.001060
12.041595 0.001643
11.045361 0.002293
10.049876 0.003044
9.055385 0.003938
8.062258 0.005038
7.071068 0.006437
6.082763 0.008288
5.099020 0.010852
4.123106 0.014624
3.162278 0.020614
2.236068 0.031012
1.414214 0.050262
1.000000 0.081127
1.414214 0.050247
2.236068 0.030982
3.162278 0.020569
4.123106 0.014561
5.099020 0.010769
6.082763 0.008182
7.071068 0.006305
8.062258 0.004875
9.055385 0.003739
10.049876 0.002802
11.045361 0.002000
12.041595 0.001288
13.038405 0.000631
14.035669 0.000000
15.000000 0.000000
14.000000 0.000524
13.000000 0.001069
12.000000 0.001658
11.000000 0.002316
10.000000 0.003077
9.000000 0.003987
8.000000 0.005112
7.000000 0.006553
6.000000 0.008481
5.000000 0.011207
4.000000 0.015384
3.000000 0.022628
2.000000 0.037961
1.000000 0.081127
0.000000 0.247785
1.000000 0.081112
2.000000 0.037932
3.000000 0.022582
4.000000 0.015320
5.000000 0.011124
6.000000 0.008374
7.000000 0.006420
8.000000 0.004948
9.000000 0.003787
10.000000 0.002833
11.000000 0.002020
12.000000 0.001300
13.000000 0.000637
14.000000 0.000000
15.033296 0.000000
14.035669 0.000519
13.038405 0.001057
12.041595 0.001639
11.045361 0.002288
10.049876 0.003037
9.055385 0.003930
8.062258 0.005029
7.071068 0.006427
6.082763 0.008276
5.099020 0.010840
4.123106 0.014611
3.162278 0.020600
2.236068 0.030997
1.414214 0.050247
1.000000 0.081112
1.414214 0.050233
2.236068 0.030968
3.162278 0.020555
4.123106 0.014548
5.099020 0.010757
6.082763 0.008171
7.071068 0.006295
8.062258 0.004866
9.055385 0.003731
10.049876 0.002796
11.045361 0.001995
12.041595 0.001284
13.038405 0.000629
14.035669 0.000000
15.132746 0.000000
14.142136 0.000503
13.152946 0.001025
12.165525 0.001587
11.180340 0.002211
10.198039 0.002928
9.219544 0.003774
8.246211 0.004802
7.280110 0.006086
6.324555 0.007738
5.385165 0.009929
4.472136 0.012929
3.605551 0.017148
2.828427 0.023116
2.236068 0.030982
2.000000 0.037932
2.236068 0.030968
2.828427 0.023087
3.605551 0.017103
4.472136 0.012867
5.385165 0.009848
6.324555 0.007635
7.280110 0.005957
8.246211 0.004643
9.219544 0.003580
10.198039 0.002692
11.180340 0.001926
12.165525 0.001242
13.152946 0.000609
14.142136 0.000000
15.297059 0.000000
14.317821 0.000479
13.341664 0.000975
12.369317 0.001506
11.401754 0.002092
10.440307 0.002759
9.486833 0.003536
8.544004 0.004462
7.615773 0.005590
6.708204 0.006990
5.830952 0.008751
5.000000 0.010983
4.242641 0.013784
3.605551 0.017131
3.162278 0.020569
3.000000 0.022582
3.162278 0.020555
3.605551 0.017103
4.242641 0.013741
5.000000 0.010923
5.830952 0.008673
6.708204 0.006890
7.615773 0.005467
8.544004 0.004310
9.486833 0.003349
10.440307 0.002533
11.401754 0.001819
12.369317 0.001176
13.341664 0.000577
14.317821 0.000000
15.524175 0.000000
14.560220 0.000447
13.601471 0.000909
12.649111 0.001401
11.704700 0.001939
10.770330 0.002544
9.848858 0.003238
8.944272 0.004048
8.062258 0.005007
7.211103 0.006150
6.403124 0.007515
5.656854 0.009127
5.000000 0.010964
4.472136 0.012893
4.123106 0.014561
4.000000 0.015320
4.123106 0.014548
4.472136 0.012867
5.000000 0.010923
5.656854 0.009070
6.403124 0.007441
7.211103 0.006056
8.062258 0.004889
8.944272 0.003904
9.848858 0.003062
10.770330 0.002331
11.704700 0.001682
12.649111 0.001091
13.601471 0.000536
14.560220 0.000000
15.811388 0.000000
14.866069 0.000409
13.928388 0.000831
13.000000 0.001278
12.083046 0.001762
11.180340 0.002299
10.295630 0.002904
9.433981 0.003595
8.602325 0.004390
7.810250 0.005302
7.071068 0.006341
6.403124 0.007494
5.830952 0.008711
5.385165 0.009873
5.099020 0.010769
5.000000 0.011124
5.099020 0.010757
5.385165 0.009848
5.830952 0.008673
6.403124 0.007441
7.071068 0.006272
7.810250 0.005214
8.602325 0.004280
9.433981 0.003461
10.295630 0.002741
11.180340 0.002101
12.083046 0.001523
13.000000 0.000991
13.928388 0.000488
14.866069 0.000000
16.155494 0.000000
15.231546 0.000368
14.317821 0.000745
13.416408 0.001142
12.529964 0.001569
11.661904 0.002036
10.816654 0.002553
10.000000 0.003131
9.219544 0.003777
8.485281 0.004495
7.810250 0.005278
7.211103 0.006104
6.708204 0.006925
6.324555 0.007657
6.082763 0.008182
6.000000 0.008374
6.082763 0.008171
6.324555 0.007635
6.708204 0.006890
7.211103 0.006056
7.810250 0.005214
8.485281 0.004414
9.219544 0.003677
10.000000 0.003008
10.816654 0.002403
11.661904 0.001855
12.529964 0.001352
13.416408 0.000883
14.317821 0.000436
15.231546 0.000000
16.552945 0.000000
15.652476 0.000323
14.764823 0.000653
13.892444 0.000999
13.038405 0.001367
12.206556 0.001765
11.401754 0.002199
10.630146 0.002673
9.899495 0.003191
9.219544 0.003749
8.602325 0.004337
8.062258 0.004933
7.615773 0.005498
7.280110 0.005978
7.071068 0.006305
7.000000 0.006420
7.071068 0.006295
7.280110 0.005957
7.615773 0.005467
8.062258 0.004889
8.602325 0.004280
9.219544 0.003677
9.899495 0.003101
10.630146 0.002563
11.401754 0.002065
12.206556 0.001604
13.038405 0.001174
13.892444 0.000769
14.764823 0.000380
15.652476 0.000000
17.000000 0.000000
16.124515 0.000277
15.264338 0.000559
14.422205 0.000853
13.601471 0.001163
12.806248 0.001494
12.041595 0.001850
11.313708 0.002233
10.630146 0.002642
10.000000 0.003071
9.433981 0.003511
8.944272 0.003942
8.544004 0.004337
8.246211 0.004661
8.062258 0.004875
8.000000 0.004948
8.062258 0.004866
8.246211 0.004643
8.544004 0.004310
8.944272 0.003904
9.433981 0.003461
10.000000 0.003008
10.630146 0.002563
11.313708 0.002137
12.041595 0.001734
12.806248 0.001354
13.601471 0.000996
14.422205 0.000654
15.264338 0.000324
16.124515 0.000000
17.492856 0.000000
16.643317 0.000230
15.811388 0.000464
15.000000 0.000706
14.212670 0.000960
13.453624 0.001229
12.727922 0.001514
12.041595 0.001815
11.401754 0.002132
10.816654 0.002457
10.295630 0.002783
9.848858 0.003095
9.486833 0.003373
9.219544 0.003595
9.055385 0.003739
9.000000 0.003787
9.055385 0.003731
9.219544 0.003580
9.486833 0.003349
9.848858 0.003062
10.295630 0.002741
10.816654 0.002403
11.401754 0.002065
12.041595 0.001734
12.727922 0.001415
13.453624 0.001111
14.212670 0.000820
15.000000 0.000540
15.811388 0.000268
16.643317 0.000000
18.027756 0.000000
17.204651 0.000183
16.401219 0.000369
15.620499 0.000561
14.866069 0.000761
14.142136 0.000970
13.453624 0.001190
12.806248 0.001420
12.206556 0.001658
11.661904 0.001899
11.180340 0.002135
10.770330 0.002357
10.440307 0.002552
10.198039 0.002704
10.049876 0.002802
10.000000 0.002833
10.049876 0.002796
10.198039 0.002692
10.440307 0.002533
10.770330 0.002331
11.180340 0.002101
11.661904 0.001855
12.206556 0.001604
12.806248 0.001354
13.453624 0.001111
14.142136 0.000875
14.866069 0.000648
15.620499 0.000427
16.401219 0.000212
17.204651 0.000000
18.601075 0.000000
17.804494 0.000137
17.029386 0.000276
16.278821 0.000418
15.556349 0.000566
14.866069 0.000719
14.212670 0.000880
13.601471 0.001046
13.038405 0.001215
12.529964 0.001385
12.083046 0.001549
11.704700 0.001702
11.401754 0.001833
11.180340 0.001935
11.045361 0.002000
11.000000 0.002020
11.045361 0.001995
11.180340 0.001926
11.401754 0.001819
11.704700 0.001682
12.083046 0.001523
12.529964 0.001352
13.038405 0.001174
13.601471 0.000996
14.212670 0.000820
14.866069 0.000648
15.556349 0.000480
16.278821 0.000318
17.029386 0.000158
17.804494 0.000000
19.209373 0.000000
18.439089 0.000091
17.691806 0.000183
16.970563 0.000277
16.278821 0.000375
15.620499 0.000475
15.000000 0.000580
14.422205 0.000688
13.892444 0.000797
13.416408 0.000905
13.000000 0.001009
12.649111 0.001104
12.369317 0.001186
12.165525 0.001248
12.041595 0.001288
12.000000 0.001300
12.041595 0.001284
12.165525 0.001242
12.369317 0.001176
12.649111 0.001091
13.000000 0.000991
13.416408 0.000883
13.892444 0.000769
14.422205 0.000654
15.000000 0.000540
15.620499 0.000427
16.278821 0.000318
16.970563 0.000210
17.691806 0.000105
18.439089 0.000000
19.849433 0.000000
19.104973 0.000045
18.384776 0.000091
17.691806 0.000138
17.029386 0.000186
16.401219 0.000236
15.811388 0.000288
15.264338 0.000341
14.764823 0.000394
14.317821 0.000447
13.928388 0.000497
13.601471 0.000543
13.341664 0.000582
13.152946 0.000612
13.038405 0.000631
13.000000 0.000637
13.038405 0.000629
13.152946 0.000609
13.341664 0.000577
13.601471 0.000536
13.928388 0.000488
14.317821 0.000436
14.764823 0.000380
15.264338 0.000324
15.811388 0.000268
16.401219 0.000212
17.029386 0.000158
17.691806 0.000105
18.384776 0.000052
19.104973 0.000000
20.518285 0.000000
19.798990 0.000000
19.104973 0.000000
18.439089 0.000000
17.804494 0.000000
17.204651 0.000000
16.643317 0.000000
16.124515 0.000000
15.652476 0.000000
15.231546 0.000000
14.866069 0.000000
14.560220 0.000000
14.317821 0.000000
14.142136 0.000000
14.035669 0.000000
14.000000 0.000000
14.035669 0.000000
14.142136 0.000000
14.317821 0.000000
14.560220 0.000000
14.866069 0.000000
15.231546 0.000000
15.652476 0.000000
16.124515 0.000000
16.643317 0.000000
17.204651 0.000000
17.804494 0.000000
18.439089 0.000000
19.104973 0.000000
19.798990 0.000000
