0 15.800000 16.200000
1 16.200000 16.400000
2 16.200000 16.800000
3 16.400000 17.200000
4 16.800000 17.200000
5 17.200000 17.400000
6 17.200000 17.800000
7 17.400000 18.200000
8 17.800000 18.200000
9 18.200000 18.400000
10 18.200000 18.800000
11 18.400000 19.200000
12 18.800000 19.200000
13 19.200000 19.400000
14 19.200000 19.800000
15 19.400000 20.200000
16 19.800000 20.200000
17 20.200000 20.400000
18 20.200000 20.800000
19 20.400000 21.200000
20 20.800000 21.200000
21 21.200000 21.400000
22 21.200000 21.800000
23 21.400000 22.200000
24 21.800000 22.200000
25 22.200000 22.400000
26 22.200000 22.800000
27 22.400000 23.200000
28 22.800000 23.200000
29 23.200000 23.400000
