816,
733,
663,
438,
754,
969,
1558,
591,
1927,
351,
286,
853,
1760,
1254,
664,
725,
912,
209,
542,
991,
409,
429,
742,
267,
449,
1067,
1458,
299,
1123,
1471,
822,
621,
322,
310,
340,
421,
478,
914,
223,
659,
395,
684,
1012,
1509,
350,
240,
1207,
288,
407,
981,
757,
357,
238,
1035,
749,
513,
1843,
360,
177,
1304,
936,
204,
838,
692,
436,
748,
376,
651,
415,
936,
573,
212,
238,
796,
596,
595,
262,
1436,
553,
507,
491,
393,
1172,
684,
892,
1166,
1097,
366,
487,
726,
3723,
1129,
411,
1642,
921,
1106,
1293,
404,
789,
410,
923,
975,
870,
1403,
923,
1192,
200,
607,
493,
567,
630,
885,
1120,
657,
1395,
1741,
855,
658,
493,
729,
209,
594,
1062,
712,
251,
158,
284,
823,
382,
474,
342,
436,
318,
711,
207,
435,
790,
624,
792,
1268,
615,
712,
882,
985,
533,
278,
1981,
744,
1579,
363,
1151,
540,
476,
955,
383,
1198,
1093,
488,
1023,
1866,
1378,
1947,
603,
325,
664,
1156,
865,
948,
452,
559,
506,
656,
435,
491,
1583,
177,
635,
564,
1460,
2338,
223,
805,
489,
577,
1561,
1202,
946,
175,
1478,
989,
1773,
1789,
656,
1022,
1351,
574,
512,
871,
718,
1381,
227,
402,
1445,
926,
410,
470,
1054,
887,
1210,
400,
316,
1086,
381,
275,
507,
460,
328,
1358,
347,
808,
177,
760,
316,
738,
341,
517,
620,
369,
1533,
546,
546,
820,
826,
1585,
535,
375,
429,
242,
1048,
1010,
580,
200,
1695,
485,
662,
467,
1157,
1314,
441,
366,
402,
920,
311,
863,
629,
1386,
356,
2078,
1842,
470,
467,
498,
3043,
1387,
1214,
528,
1436,
621,
691,
729,
144,
770,
792,
1507,
806,
1193,
1285,
1361,
616,
257,
787,
1285,
2558,
1314,
1301,
1767,
581,
1498,
428,
548,
753,
992,
373,
1276,
321,
552,
310,
1824,
489,
2323,
533,
1572,
2204,
253,
420,
651,
1942,
827,
1767,
1325,
1229,
2024,
695,
837,
671,
754,
624,
764,
239,
399,
1756,
481,
1583,
565,
1191,
378,
454,
345,
720,
1701,
628,
1755,
422,
719,
708,
361,
1675,
358,
632,
816,
2467,
701,
217,
299,
1035,
362,
580,
583,
271,
749,
332,
1831,
480,
544,
228,
1236,
644,
677,
273,
165,
582,
629,
373,
1574,
911,
347,
548,
970,
299,
652,
372,
562,
1980,
559,
3024,
435,
621,
216,
1103,
779,
837,
372,
1881,
1010,
303,
877,
721,
783,
1742,
450,
1055,
1112,
466,
1185,
493,
676,
854,
1742,
264,
944,
143,
692,
441,
1257,
1668,
184,
483,
1186,
320,
519,
385,
759,
366,
901,
486,
236,
337,
572,
2384,
859,
415,
428,
543,
1402,
423,
1157,
1130,
156,
235,
1305,
1338,
1375,
736,
1381,
454,
1248,
297,
409,
393,
419,
1090,
2797,
739,
1578,
1425,
654,
1455,
943,
1473,
663,
411,
611,
739,
1004,
715,
298,
288,
308,
2211,
754,
545,
270,
735,
197,
908,
492,
388,
1517,
2127,
738,
1534,
644,
400,
592,
623,
812,
1277,
875,
616,
730,
292,
456,
682,
795,
2163,
1061,
351,
485,
258,
1587,
657,
304,
1554,
309,
1755,
539,
1313,
160,
601,
1301,
1273,
541,
446,
321,
1028,
763,
724,
1059,
918,
1757,
439,
1038,
1002,
1434,
759,
243,
408,
233,
698,
623,
1614,
805,
1509,
1135,
1963,
774,
1450,
972,
767,
556,
660,
2513,
926,
440,
882,
896,
1283,
2896,
453,
717,
3020,
1818,
1164,
312,
776,
959,
1305,
1559,
396,
1560,
523,
448,
1252,
730,
787,
1171,
353,
311,
241,
468,
681,
641,
468,
941,
429,
361,
634,
401,
640,
1354,
820,
1749,
426,
285,
2934,
387,
708,
372,
1311,
978,
437,
213,
1163,
685,
443,
288,
306,
516,
2100,
859,
638,
490,
2178,
626,
624,
491,
302,
373,
1125,
286,
565,
1258,
672,
1358,
190,
468,
345,
193,
2702,
348,
431,
327,
815,
976,
250,
269,
328,
360,
310,
1209,
769,
1630,
1259,
766,
730,
298,
221,
685,
1499,
1739,
220,
1314,
887,
1963,
1012,
470,
228,
865,
797,
556,
376,
462,
521,
1326,
365,
609,
2148,
375,
421,
324,
1255,
186,
1000,
781,
756,
286,
463,
300,
292,
1081,
261,
456,
2066,
435,
1312,
849,
320,
1659,
458,
252,
131,
1029,
852,
252,
1125,
788,
198,
363,
1111,
1304,
312,
562,
1018,
1230,
236,
651,
1013,
1112,
394,
901,
756,
1772,
512,
1129,
1128,
1962,
1491,
797,
649,
590,
1196,
1343,
2455,
561,
700,
236,
789,
424,
174,
592,
1199,
840,
1145,
486,
1346,
1231,
685,
547,
974,
734,
2165,
2748,
232,
542,
1136,
740,
1223,
489,
494,
237,
542,
470,
919,
844,
483,
568,
2935,
2239,
234,
642,
416,
1731,
698,
946,
2069,
702,
444,
581,
1526,
622,
937,
314,
464,
443,
670,
1146,
424,
563,
1183,
232,
353,
314,
980,
233,
875,
723,
512,
1685,
445,
2747,
1935,
300,
1577,
1609,
949,
781,
1796,
444,
664,
553,
2372,
1180,
1487,
353,
954,
407,
634,
1293,
896,
413,
1105,
271,
669,
262,
1397,
448,
402,
279,
390,
1772,
516,
725,
834,
656,
649,
724,
690,
909,
1043,
813,
927,
481,
2879,
181,
1802,
261,
824,
818,
310,
1017,
269,
755,
338,
566,
644,
526,
1453,
1149,
571,
302,
3290,
2038,
1124,
716,
645,
844,
1107,
333,
611,
559,
168,
509,
777,
394,
1684,
3009,
1744,
1638,
2348,
697,
1602,
1425,
1650,
526,
611,
1688,
2745,
995,
461,
2174,
1376,
1840,
934,
1097,
462,
1207,
2606,
543,
582,
1920,
460,
286,
705,
1074,
383,
475,
1184,
312,
1415,
657,
739,
1609,
1676,
722,
319,
369,
650,
1136,
1171,
871,
845,
1290,
654,
415,
332,
1361,
749,
347,
366,
838,
2762,
1136,
1056,
992,
511,
453,
660,
2941,
1605,
1656,
375,
905,
918,
508,
1312,
621,
3500,
723,
718,
422,
1596,
2012,
560,
522,
864,
458,
1352,
807,
2103,
2335,
373,
946,
785,
1052,
1317,
786,
262,
1045,
169,
1068,
1215,
161,
864,
387,
381,
415,
540,
414,
3526,
521,
260,
758,
348,
478,
831,
432,
243,
1368,
1910,
1558,
544,
741,
634,
469,
745,
982,
485,
332,
648,
876,
630,
646,
765,
1392,
338,
471,
824,
566,
538,
589,
779,
1499,
714,
1573,
405,
439,
371,
1763,
275,
231,
215,
381,
2034,
330,
1219,
522,
2505,
174,
238,
432,
