0.000000 0.254663
0.010000 0.249299
0.020000 0.242941
0.030000 0.236890
0.040000 0.231773
0.050000 0.225148
0.060000 0.218595
0.070000 0.212976
0.080000 0.207684
0.090000 0.199935
0.100000 0.192796
0.110000 0.188819
0.120000 0.179143
0.130000 0.173914
0.140000 0.163831
0.150000 0.156927
0.160000 0.153099
0.170000 0.146474
0.180000 0.132732
0.190000 0.129766
0.200000 0.124256
0.210000 0.113793
0.220000 0.106324
0.230000 0.091467
0.240000 0.085717
0.250000 0.069373
0.260000 0.065234
0.270000 0.058923
0.280000 0.008014
0.290000 0.037444
0.300000 0.003560
0.310000 0.002766
0.320000 0.002394
0.330000 0.000171
0.340000 0.000167
0.350000 0.000030
0.360000 0.000732
0.370000 0.000003
0.380000 0.000187
0.390000 0.000000
0.400000 0.000000
0.410000 0.000014
0.420000 0.000064
0.430000 0.000026
0.440000 0.000000
0.450000 0.000000
0.460000 0.000000
0.470000 0.000001
0.480000 0.000000
0.490000 0.000000
0.500000 0.000000
0.510000 0.000003
0.520000 0.000013
0.530000 0.000000
0.540000 0.000000
0.550000 0.000004
0.560000 0.000000
0.570000 0.000000
0.580000 0.000000
0.590000 0.000000
0.600000 0.000000
0.610000 0.000000
0.620000 0.000000
0.630000 0.000000
0.640000 0.000000
0.650000 0.000000
0.660000 0.000000
0.670000 0.000000
0.680000 0.000000
0.690000 0.000000
0.700000 0.000000
0.710000 0.000000
0.720000 0.000000
0.730000 0.000000
0.740000 0.000000
0.750000 0.000000
0.760000 0.000000
0.770000 0.000000
0.780000 0.000000
0.790000 0.000000
0.800000 0.000000
0.810000 0.000000
0.820000 0.000000
0.830000 0.000000
0.840000 0.000000
0.850000 0.000000
0.860000 0.000000
0.870000 0.000000
0.880000 0.000000
0.890000 0.000000
0.900000 0.000000
0.910000 0.000000
0.920000 0.000000
0.930000 0.000000
0.940000 0.000000
0.950000 0.000000
0.960000 0.000000
0.970000 0.000000
0.980000 0.000000
0.990000 0.000000
1.000000 0.000000
1.010000 0.000000
1.020000 0.000000
1.030000 0.000000
1.040000 0.000000
1.050000 0.000000
1.060000 0.000000
1.070000 0.000000
1.080000 0.000000
1.090000 0.000000
