0.000000 0.000000 0.000000
0.000000 0.050000 0.000000
0.000000 0.100000 0.000000
0.000000 0.150000 0.000000
0.000000 0.200000 0.000000
0.000000 0.250000 0.000000
0.000000 0.300000 0.000000
0.000000 0.350000 0.000000
0.000000 0.400000 0.000000
0.000000 0.450000 0.000000
0.000000 0.500000 0.000000
0.000000 0.550000 0.000000
0.000000 0.600000 0.000000
0.000000 0.650000 0.000000
0.000000 0.700000 0.000000
0.000000 0.750000 0.000000
0.000000 0.800000 0.000000
0.000000 0.850000 0.000000
0.000000 0.900000 0.000000
0.000000 0.950000 0.000000
0.050000 0.000000 0.000000
0.050000 0.050000 0.000000
0.050000 0.100000 0.000000
0.050000 0.150000 0.000000
0.050000 0.200000 0.000000
0.050000 0.250000 0.000000
0.050000 0.300000 0.000000
0.050000 0.350000 0.000000
0.050000 0.400000 0.000000
0.050000 0.450000 0.000000
0.050000 0.500000 0.000000
0.050000 0.550000 0.000000
0.050000 0.600000 0.000000
0.050000 0.650000 0.000000
0.050000 0.700000 0.000000
0.050000 0.750000 0.000000
0.050000 0.800000 0.000000
0.050000 0.850000 0.000000
0.050000 0.900000 0.000000
0.050000 0.950000 0.000000
0.100000 0.000000 0.000000
0.100000 0.050000 0.000000
0.100000 0.100000 0.000000
0.100000 0.150000 0.000000
0.100000 0.200000 0.000000
0.100000 0.250000 0.000000
0.100000 0.300000 0.000000
0.100000 0.350000 0.000000
0.100000 0.400000 0.000000
0.100000 0.450000 0.000000
0.100000 0.500000 0.000000
0.100000 0.550000 0.000000
0.100000 0.600000 0.000000
0.100000 0.650000 0.000000
0.100000 0.700000 0.000000
0.100000 0.750000 0.000000
0.100000 0.800000 0.000000
0.100000 0.850000 0.000000
0.100000 0.900000 0.000000
0.100000 0.950000 0.000000
0.150000 0.000000 0.000000
0.150000 0.050000 0.000000
0.150000 0.100000 0.000000
0.150000 0.150000 0.000000
0.150000 0.200000 0.000000
0.150000 0.250000 0.000000
0.150000 0.300000 0.000000
0.150000 0.350000 0.000000
0.150000 0.400000 0.000000
0.150000 0.450000 0.000000
0.150000 0.500000 0.000000
0.150000 0.550000 0.000000
0.150000 0.600000 0.000000
0.150000 0.650000 0.000000
0.150000 0.700000 0.000000
0.150000 0.750000 0.000000
0.150000 0.800000 0.000000
0.150000 0.850000 0.000000
0.150000 0.900000 0.000000
0.150000 0.950000 0.000000
0.200000 0.000000 0.000000
0.200000 0.050000 0.000000
0.200000 0.100000 0.000000
0.200000 0.150000 0.000000
0.200000 0.200000 0.000000
0.200000 0.250000 0.000000
0.200000 0.300000 0.000000
0.200000 0.350000 0.000000
0.200000 0.400000 0.000000
0.200000 0.450000 0.000000
0.200000 0.500000 0.000000
0.200000 0.550000 0.000000
0.200000 0.600000 0.000000
0.200000 0.650000 0.000000
0.200000 0.700000 0.000000
0.200000 0.750000 0.000000
0.200000 0.800000 0.000000
0.200000 0.850000 0.000000
0.200000 0.900000 0.000000
0.200000 0.950000 0.000000
0.250000 0.000000 0.000000
0.250000 0.050000 0.000000
0.250000 0.100000 0.000000
0.250000 0.150000 0.000000
0.250000 0.200000 0.000000
0.250000 0.250000 0.000000
0.250000 0.300000 0.000000
0.250000 0.350000 0.000000
0.250000 0.400000 0.000016
0.250000 0.450000 0.000221
0.250000 0.500000 0.000000
0.250000 0.550000 0.000374
0.250000 0.600000 0.000115
0.250000 0.650000 0.000010
0.250000 0.700000 0.000603
0.250000 0.750000 0.000024
0.250000 0.800000 0.000009
0.250000 0.850000 0.000136
0.250000 0.900000 0.000042
0.250000 0.950000 0.001198
0.300000 0.000000 0.000000
0.300000 0.050000 0.000000
0.300000 0.100000 0.000000
0.300000 0.150000 0.000000
0.300000 0.200000 0.000000
0.300000 0.250000 0.000000
0.300000 0.300000 0.000112
0.300000 0.350000 0.000832
0.300000 0.400000 0.001018
0.300000 0.450000 0.004887
0.300000 0.500000 0.001610
0.300000 0.550000 0.042992
0.300000 0.600000 0.047189
0.300000 0.650000 0.075020
0.300000 0.700000 0.084375
0.300000 0.750000 0.091112
0.300000 0.800000 0.100654
0.300000 0.850000 0.106055
0.300000 0.900000 0.122795
0.300000 0.950000 0.126282
0.350000 0.000000 0.000000
0.350000 0.050000 0.000000
0.350000 0.100000 0.000004
0.350000 0.150000 0.000000
0.350000 0.200000 0.000004
0.350000 0.250000 0.016012
0.350000 0.300000 0.008264
0.350000 0.350000 0.069120
0.350000 0.400000 0.092047
0.350000 0.450000 0.118096
0.350000 0.500000 0.130306
0.350000 0.550000 0.145742
0.350000 0.600000 0.158800
0.350000 0.650000 0.170549
0.350000 0.700000 0.181527
0.350000 0.750000 0.191030
0.350000 0.800000 0.197057
0.350000 0.850000 0.204659
0.350000 0.900000 0.212068
0.350000 0.950000 0.216284
0.400000 0.000000 0.000000
0.400000 0.050000 0.000000
0.400000 0.100000 0.000190
0.400000 0.150000 0.001580
0.400000 0.200000 0.007913
0.400000 0.250000 0.086617
0.400000 0.300000 0.107824
0.400000 0.350000 0.137125
0.400000 0.400000 0.159620
0.400000 0.450000 0.177979
0.400000 0.500000 0.187333
0.400000 0.550000 0.204662
0.400000 0.600000 0.214508
0.400000 0.650000 0.224678
0.400000 0.700000 0.234840
0.400000 0.750000 0.244472
0.400000 0.800000 0.251335
0.400000 0.850000 0.257039
0.400000 0.900000 0.265784
0.400000 0.950000 0.270698
0.450000 0.000000 0.000000
0.450000 0.050000 0.000000
0.450000 0.100000 0.000130
0.450000 0.150000 0.043589
0.450000 0.200000 0.083584
0.450000 0.250000 0.117492
0.450000 0.300000 0.147144
0.450000 0.350000 0.171155
0.450000 0.400000 0.190379
0.450000 0.450000 0.210899
0.450000 0.500000 0.225965
0.450000 0.550000 0.241460
0.450000 0.600000 0.253501
0.450000 0.650000 0.263683
0.450000 0.700000 0.272775
0.450000 0.750000 0.281370
0.450000 0.800000 0.289695
0.450000 0.850000 0.295640
0.450000 0.900000 0.303156
0.450000 0.950000 0.307984
0.500000 0.000000 0.000000
0.500000 0.050000 0.000000
0.500000 0.100000 0.002431
0.500000 0.150000 0.069030
0.500000 0.200000 0.109016
0.500000 0.250000 0.141945
0.500000 0.300000 0.174828
0.500000 0.350000 0.200448
0.500000 0.400000 0.219087
0.500000 0.450000 0.237240
0.500000 0.500000 0.255942
0.500000 0.550000 0.267914
0.500000 0.600000 0.281831
0.500000 0.650000 0.292515
0.500000 0.700000 0.301642
0.500000 0.750000 0.310901
0.500000 0.800000 0.319194
0.500000 0.850000 0.325690
0.500000 0.900000 0.331877
0.500000 0.950000 0.338726
0.550000 0.000000 0.000000
0.550000 0.050000 0.000000
0.550000 0.100000 0.037826
0.550000 0.150000 0.085441
0.550000 0.200000 0.126958
0.550000 0.250000 0.162090
0.550000 0.300000 0.193804
0.550000 0.350000 0.218749
0.550000 0.400000 0.241528
0.550000 0.450000 0.258974
0.550000 0.500000 0.275911
0.550000 0.550000 0.291583
0.550000 0.600000 0.303574
0.550000 0.650000 0.314984
0.550000 0.700000 0.325124
0.550000 0.750000 0.334942
0.550000 0.800000 0.343176
0.550000 0.850000 0.350529
0.550000 0.900000 0.356855
0.550000 0.950000 0.362953
0.600000 0.000000 0.000000
0.600000 0.050000 0.000000
0.600000 0.100000 0.053682
0.600000 0.150000 0.100847
0.600000 0.200000 0.141272
0.600000 0.250000 0.176968
0.600000 0.300000 0.207086
0.600000 0.350000 0.235160
0.600000 0.400000 0.258132
0.600000 0.450000 0.277532
0.600000 0.500000 0.293313
0.600000 0.550000 0.309158
0.600000 0.600000 0.322182
0.600000 0.650000 0.333389
0.600000 0.700000 0.343374
0.600000 0.750000 0.353340
0.600000 0.800000 0.362861
0.600000 0.850000 0.368664
0.600000 0.900000 0.377501
0.600000 0.950000 0.382735
0.650000 0.000000 0.000000
0.650000 0.050000 0.000000
0.650000 0.100000 0.062702
0.650000 0.150000 0.107694
0.650000 0.200000 0.152058
0.650000 0.250000 0.188290
0.650000 0.300000 0.219146
0.650000 0.350000 0.248646
0.650000 0.400000 0.271955
0.650000 0.450000 0.291175
0.650000 0.500000 0.307815
0.650000 0.550000 0.324406
0.650000 0.600000 0.337313
0.650000 0.650000 0.349725
0.650000 0.700000 0.360521
0.650000 0.750000 0.370868
0.650000 0.800000 0.378741
0.650000 0.850000 0.386259
0.650000 0.900000 0.394470
0.650000 0.950000 0.401107
0.700000 0.000000 0.000000
0.700000 0.050000 0.019848
0.700000 0.100000 0.069561
0.700000 0.150000 0.116480
0.700000 0.200000 0.161073
0.700000 0.250000 0.200275
0.700000 0.300000 0.232310
0.700000 0.350000 0.259542
0.700000 0.400000 0.282044
0.700000 0.450000 0.304151
0.700000 0.500000 0.321160
0.700000 0.550000 0.336612
0.700000 0.600000 0.351199
0.700000 0.650000 0.364135
0.700000 0.700000 0.375384
0.700000 0.750000 0.385161
0.700000 0.800000 0.394004
0.700000 0.850000 0.402498
0.700000 0.900000 0.408612
0.700000 0.950000 0.415639
0.750000 0.000000 0.000000
0.750000 0.050000 0.000000
0.750000 0.100000 0.074052
0.750000 0.150000 0.123932
0.750000 0.200000 0.171002
0.750000 0.250000 0.207203
0.750000 0.300000 0.241727
0.750000 0.350000 0.268962
0.750000 0.400000 0.293228
0.750000 0.450000 0.312577
0.750000 0.500000 0.333252
0.750000 0.550000 0.349130
0.750000 0.600000 0.362050
0.750000 0.650000 0.373960
0.750000 0.700000 0.387767
0.750000 0.750000 0.396489
0.750000 0.800000 0.406121
0.750000 0.850000 0.413747
0.750000 0.900000 0.420822
0.750000 0.950000 0.428364
0.800000 0.000000 0.000000
0.800000 0.050000 0.000000
0.800000 0.100000 0.078216
0.800000 0.150000 0.128968
0.800000 0.200000 0.176397
0.800000 0.250000 0.213871
0.800000 0.300000 0.248279
0.800000 0.350000 0.278308
0.800000 0.400000 0.302046
0.800000 0.450000 0.323798
0.800000 0.500000 0.341118
0.800000 0.550000 0.358276
0.800000 0.600000 0.372926
0.800000 0.650000 0.385484
0.800000 0.700000 0.396600
0.800000 0.750000 0.406895
0.800000 0.800000 0.416992
0.800000 0.850000 0.426131
0.800000 0.900000 0.433640
0.800000 0.950000 0.440271
0.850000 0.000000 0.000000
0.850000 0.050000 0.002326
0.850000 0.100000 0.083385
0.850000 0.150000 0.134873
0.850000 0.200000 0.179792
0.850000 0.250000 0.221498
0.850000 0.300000 0.255745
0.850000 0.350000 0.284641
0.850000 0.400000 0.309507
0.850000 0.450000 0.331752
0.850000 0.500000 0.349954
0.850000 0.550000 0.365224
0.850000 0.600000 0.382805
0.850000 0.650000 0.394806
0.850000 0.700000 0.406096
0.850000 0.750000 0.418050
0.850000 0.800000 0.425610
0.850000 0.850000 0.435204
0.850000 0.900000 0.443155
0.850000 0.950000 0.450430
0.900000 0.000000 0.000000
0.900000 0.050000 0.016805
0.900000 0.100000 0.085218
0.900000 0.150000 0.138605
0.900000 0.200000 0.185923
0.900000 0.250000 0.227090
0.900000 0.300000 0.261526
0.900000 0.350000 0.291645
0.900000 0.400000 0.315311
0.900000 0.450000 0.337781
0.900000 0.500000 0.357786
0.900000 0.550000 0.374307
0.900000 0.600000 0.389656
0.900000 0.650000 0.403057
0.900000 0.700000 0.415337
0.900000 0.750000 0.424774
0.900000 0.800000 0.436220
0.900000 0.850000 0.444756
0.900000 0.900000 0.452903
0.900000 0.950000 0.460564
0.950000 0.000000 0.000000
0.950000 0.050000 0.000000
0.950000 0.100000 0.089752
0.950000 0.150000 0.142377
0.950000 0.200000 0.190760
0.950000 0.250000 0.230617
0.950000 0.300000 0.267646
0.950000 0.350000 0.297404
0.950000 0.400000 0.322165
0.950000 0.450000 0.344344
0.950000 0.500000 0.365078
0.950000 0.550000 0.381850
0.950000 0.600000 0.396586
0.950000 0.650000 0.410882
0.950000 0.700000 0.423072
0.950000 0.750000 0.433871
0.950000 0.800000 0.443505
0.950000 0.850000 0.452724
0.950000 0.900000 0.461666
0.950000 0.950000 0.469196
